"tick","Remaining Humans","Remaining Zombies"
1.0,50,5
2.0,50,5
3.0,50,5
4.0,50,5
5.0,49,6
6.0,49,6
7.0,49,6
8.0,48,7
9.0,47,8
10.0,47,8
11.0,47,8
12.0,47,8
13.0,47,8
14.0,47,8
15.0,47,8
16.0,46,9
17.0,46,9
18.0,46,9
19.0,46,9
20.0,46,9
21.0,46,9
22.0,46,9
23.0,45,10
24.0,45,10
25.0,44,11
26.0,43,12
27.0,42,13
28.0,42,13
29.0,41,14
30.0,41,14
31.0,41,14
32.0,41,14
33.0,41,14
34.0,41,14
35.0,40,15
36.0,40,15
37.0,40,15
38.0,39,16
39.0,39,16
40.0,38,17
41.0,38,17
42.0,38,17
43.0,37,18
44.0,37,18
45.0,36,19
46.0,36,19
47.0,36,19
48.0,35,20
49.0,34,21
50.0,34,21
51.0,33,22
52.0,33,22
53.0,31,24
54.0,31,24
55.0,31,24
56.0,31,24
57.0,31,24
58.0,29,26
59.0,29,26
60.0,29,26
61.0,29,26
62.0,28,27
63.0,27,28
64.0,27,28
65.0,26,29
66.0,26,29
67.0,26,29
68.0,26,29
69.0,25,30
70.0,25,30
71.0,24,31
72.0,23,32
73.0,21,34
74.0,21,34
75.0,21,34
76.0,20,35
77.0,20,35
78.0,20,35
79.0,19,36
80.0,18,37
81.0,18,37
82.0,18,37
83.0,18,37
84.0,18,37
85.0,18,37
86.0,18,37
87.0,17,38
88.0,17,38
89.0,17,38
90.0,17,38
91.0,17,38
92.0,17,38
93.0,16,39
94.0,15,40
95.0,15,40
96.0,15,40
97.0,15,40
98.0,13,42
99.0,12,43
100.0,12,43
101.0,12,43
102.0,12,43
103.0,11,44
104.0,10,45
105.0,9,46
106.0,9,46
107.0,9,46
108.0,9,46
109.0,9,46
110.0,9,46
111.0,9,46
112.0,8,47
113.0,8,47
114.0,8,47
115.0,7,48
116.0,7,48
117.0,7,48
118.0,6,49
119.0,6,49
120.0,6,49
121.0,6,49
122.0,6,49
123.0,6,49
124.0,6,49
125.0,6,49
126.0,6,49
127.0,6,49
128.0,6,49
129.0,5,50
130.0,4,51
131.0,4,51
132.0,4,51
133.0,4,51
134.0,4,51
135.0,4,51
136.0,3,52
137.0,3,52
138.0,3,52
139.0,3,52
140.0,3,52
141.0,3,52
142.0,3,52
143.0,2,53
144.0,2,53
145.0,2,53
146.0,2,53
147.0,2,53
148.0,2,53
149.0,2,53
150.0,2,53
151.0,2,53
152.0,2,53
153.0,2,53
154.0,2,53
155.0,2,53
156.0,2,53
157.0,1,54
158.0,1,54
159.0,1,54
160.0,1,54
161.0,1,54
162.0,1,54
163.0,1,54
164.0,1,54
165.0,1,54
166.0,1,54
167.0,1,54
168.0,1,54
169.0,1,54
170.0,1,54
171.0,1,54
172.0,1,54
173.0,1,54
174.0,1,54
175.0,1,54
176.0,1,54
177.0,1,54
178.0,1,54
179.0,1,54
180.0,1,54
181.0,1,54
182.0,1,54
183.0,1,54
184.0,1,54
185.0,1,54
186.0,1,54
187.0,1,54
188.0,1,54
189.0,1,54
190.0,1,54
191.0,1,54
192.0,1,54
193.0,1,54
194.0,1,54
195.0,1,54
196.0,1,54
197.0,1,54
198.0,1,54
199.0,0,55
200.0,0,55
201.0,0,55
202.0,0,55
203.0,0,55
204.0,0,55
205.0,0,55
206.0,0,55
207.0,0,55
208.0,0,55
209.0,0,55
210.0,0,55
211.0,0,55
212.0,0,55
213.0,0,55
214.0,0,55
215.0,0,55
216.0,0,55
217.0,0,55
218.0,0,55
219.0,0,55
220.0,0,55
221.0,0,55
222.0,0,55
223.0,0,55
224.0,0,55
225.0,0,55
226.0,0,55
227.0,0,55
228.0,0,55
229.0,0,55
230.0,0,55
231.0,0,55
232.0,0,55
233.0,0,55
234.0,0,55
235.0,0,55
236.0,0,55
237.0,0,55
238.0,0,55
239.0,0,55
240.0,0,55
241.0,0,55
242.0,0,55
243.0,0,55
244.0,0,55
245.0,0,55
246.0,0,55
247.0,0,55
248.0,0,55
249.0,0,55
250.0,0,55
251.0,0,55
252.0,0,55
253.0,0,55
254.0,0,55
255.0,0,55
256.0,0,55
257.0,0,55
258.0,0,55
259.0,0,55
260.0,0,55
261.0,0,55
262.0,0,55
263.0,0,55
264.0,0,55
265.0,0,55
266.0,0,55
267.0,0,55
268.0,0,55
269.0,0,55
270.0,0,55
271.0,0,55
272.0,0,55
273.0,0,55
274.0,0,55
275.0,0,55
276.0,0,55
277.0,0,55
278.0,0,55
279.0,0,55
280.0,0,55
281.0,0,55
282.0,0,55
283.0,0,55
284.0,0,55
285.0,0,55
286.0,0,55
287.0,0,55
288.0,0,55
289.0,0,55
290.0,0,55
291.0,0,55
292.0,0,55
293.0,0,55
294.0,0,55
295.0,0,55
296.0,0,55
297.0,0,55
298.0,0,55
299.0,0,55
300.0,0,55
301.0,0,55
302.0,0,55
303.0,0,55
304.0,0,55
305.0,0,55
306.0,0,55
307.0,0,55
308.0,0,55
309.0,0,55
310.0,0,55
311.0,0,55
312.0,0,55
313.0,0,55
314.0,0,55
315.0,0,55
316.0,0,55
317.0,0,55
318.0,0,55
319.0,0,55
320.0,0,55
321.0,0,55
322.0,0,55
323.0,0,55
324.0,0,55
325.0,0,55
326.0,0,55
327.0,0,55
328.0,0,55
329.0,0,55
330.0,0,55
331.0,0,55
332.0,0,55
333.0,0,55
334.0,0,55
335.0,0,55
336.0,0,55
337.0,0,55
338.0,0,55
339.0,0,55
340.0,0,55
341.0,0,55
342.0,0,55
343.0,0,55
344.0,0,55
345.0,0,55
346.0,0,55
347.0,0,55
348.0,0,55
349.0,0,55
350.0,0,55
351.0,0,55
352.0,0,55
353.0,0,55
354.0,0,55
355.0,0,55
356.0,0,55
357.0,0,55
358.0,0,55
359.0,0,55
360.0,0,55
361.0,0,55
362.0,0,55
363.0,0,55
364.0,0,55
365.0,0,55
366.0,0,55
367.0,0,55
368.0,0,55
369.0,0,55
370.0,0,55
371.0,0,55
372.0,0,55
373.0,0,55
374.0,0,55
375.0,0,55
376.0,0,55
377.0,0,55
378.0,0,55
379.0,0,55
380.0,0,55
381.0,0,55
382.0,0,55
383.0,0,55
384.0,0,55
385.0,0,55
386.0,0,55
387.0,0,55
388.0,0,55
389.0,0,55
390.0,0,55
391.0,0,55
392.0,0,55
393.0,0,55
394.0,0,55
395.0,0,55
396.0,0,55
397.0,0,55
398.0,0,55
399.0,0,55
400.0,0,55
401.0,0,55
402.0,0,55
403.0,0,55
404.0,0,55
405.0,0,55
406.0,0,55
407.0,0,55
408.0,0,55
409.0,0,55
410.0,0,55
411.0,0,55
412.0,0,55
413.0,0,55
414.0,0,55
415.0,0,55
416.0,0,55
417.0,0,55
418.0,0,55
419.0,0,55
420.0,0,55
421.0,0,55
422.0,0,55
423.0,0,55
424.0,0,55
425.0,0,55
426.0,0,55
427.0,0,55
428.0,0,55
429.0,0,55
430.0,0,55
431.0,0,55
432.0,0,55
433.0,0,55
434.0,0,55
435.0,0,55
436.0,0,55
437.0,0,55
438.0,0,55
439.0,0,55
440.0,0,55
441.0,0,55
442.0,0,55
443.0,0,55
444.0,0,55
445.0,0,55
446.0,0,55
447.0,0,55
448.0,0,55
449.0,0,55
450.0,0,55
451.0,0,55
452.0,0,55
453.0,0,55
454.0,0,55
455.0,0,55
456.0,0,55
457.0,0,55
458.0,0,55
459.0,0,55
460.0,0,55
461.0,0,55
462.0,0,55
463.0,0,55
464.0,0,55
465.0,0,55
466.0,0,55
467.0,0,55
468.0,0,55
469.0,0,55
470.0,0,55
471.0,0,55
472.0,0,55
473.0,0,55
474.0,0,55
475.0,0,55
476.0,0,55
477.0,0,55
478.0,0,55
479.0,0,55
480.0,0,55
481.0,0,55
482.0,0,55
483.0,0,55
484.0,0,55
485.0,0,55
486.0,0,55
487.0,0,55
488.0,0,55
489.0,0,55
490.0,0,55
491.0,0,55
492.0,0,55
493.0,0,55
494.0,0,55
495.0,0,55
496.0,0,55
497.0,0,55
498.0,0,55
499.0,0,55
500.0,0,55
501.0,0,55
502.0,0,55
503.0,0,55
504.0,0,55
505.0,0,55
506.0,0,55
507.0,0,55
508.0,0,55
509.0,0,55
510.0,0,55
511.0,0,55
512.0,0,55
513.0,0,55
514.0,0,55
515.0,0,55
516.0,0,55
517.0,0,55
518.0,0,55
519.0,0,55
520.0,0,55
521.0,0,55
522.0,0,55
523.0,0,55
524.0,0,55
525.0,0,55
526.0,0,55
527.0,0,55
528.0,0,55
529.0,0,55
530.0,0,55
531.0,0,55
532.0,0,55
533.0,0,55
534.0,0,55
535.0,0,55
536.0,0,55
537.0,0,55
538.0,0,55
539.0,0,55
540.0,0,55
541.0,0,55
542.0,0,55
543.0,0,55
544.0,0,55
545.0,0,55
546.0,0,55
547.0,0,55
548.0,0,55
549.0,0,55
550.0,0,55
551.0,0,55
552.0,0,55
553.0,0,55
554.0,0,55
555.0,0,55
556.0,0,55
557.0,0,55
558.0,0,55
559.0,0,55
560.0,0,55
561.0,0,55
562.0,0,55
563.0,0,55
564.0,0,55
565.0,0,55
566.0,0,55
567.0,0,55
568.0,0,55
569.0,0,55
570.0,0,55
571.0,0,55
572.0,0,55
573.0,0,55
574.0,0,55
575.0,0,55
576.0,0,55
577.0,0,55
578.0,0,55
579.0,0,55
580.0,0,55
581.0,0,55
582.0,0,55
583.0,0,55
584.0,0,55
585.0,0,55
586.0,0,55
587.0,0,55
588.0,0,55
589.0,0,55
590.0,0,55
591.0,0,55
592.0,0,55
593.0,0,55
594.0,0,55
595.0,0,55
596.0,0,55
597.0,0,55
598.0,0,55
599.0,0,55
600.0,0,55
601.0,0,55
602.0,0,55
603.0,0,55
604.0,0,55
605.0,0,55
606.0,0,55
607.0,0,55
608.0,0,55
609.0,0,55
610.0,0,55
611.0,0,55
612.0,0,55
613.0,0,55
614.0,0,55
615.0,0,55
616.0,0,55
617.0,0,55
618.0,0,55
619.0,0,55
620.0,0,55
621.0,0,55
622.0,0,55
623.0,0,55
624.0,0,55
625.0,0,55
626.0,0,55
627.0,0,55
628.0,0,55
629.0,0,55
630.0,0,55
631.0,0,55
632.0,0,55
633.0,0,55
634.0,0,55
635.0,0,55
636.0,0,55
637.0,0,55
638.0,0,55
639.0,0,55
640.0,0,55
641.0,0,55
642.0,0,55
643.0,0,55
644.0,0,55
645.0,0,55
646.0,0,55
647.0,0,55
648.0,0,55
649.0,0,55
650.0,0,55
651.0,0,55
652.0,0,55
653.0,0,55
654.0,0,55
655.0,0,55
656.0,0,55
657.0,0,55
658.0,0,55
659.0,0,55
660.0,0,55
661.0,0,55
662.0,0,55
663.0,0,55
664.0,0,55
665.0,0,55
666.0,0,55
667.0,0,55
668.0,0,55
669.0,0,55
670.0,0,55
671.0,0,55
672.0,0,55
673.0,0,55
674.0,0,55
675.0,0,55
676.0,0,55
677.0,0,55
678.0,0,55
679.0,0,55
680.0,0,55
681.0,0,55
682.0,0,55
683.0,0,55
684.0,0,55
685.0,0,55
686.0,0,55
687.0,0,55
688.0,0,55
689.0,0,55
690.0,0,55
691.0,0,55
692.0,0,55
693.0,0,55
694.0,0,55
695.0,0,55
696.0,0,55
697.0,0,55
698.0,0,55
699.0,0,55
700.0,0,55
701.0,0,55
702.0,0,55
703.0,0,55
704.0,0,55
705.0,0,55
706.0,0,55
707.0,0,55
708.0,0,55
709.0,0,55
710.0,0,55
711.0,0,55
712.0,0,55
713.0,0,55
714.0,0,55
715.0,0,55
716.0,0,55
717.0,0,55
718.0,0,55
719.0,0,55
720.0,0,55
721.0,0,55
722.0,0,55
723.0,0,55
724.0,0,55
725.0,0,55
726.0,0,55
727.0,0,55
728.0,0,55
729.0,0,55
730.0,0,55
731.0,0,55
732.0,0,55
733.0,0,55
734.0,0,55
735.0,0,55
736.0,0,55
737.0,0,55
738.0,0,55
739.0,0,55
740.0,0,55
741.0,0,55
742.0,0,55
743.0,0,55
744.0,0,55
745.0,0,55
746.0,0,55
747.0,0,55
748.0,0,55
749.0,0,55
750.0,0,55
751.0,0,55
752.0,0,55
753.0,0,55
754.0,0,55
755.0,0,55
756.0,0,55
757.0,0,55
758.0,0,55
759.0,0,55
760.0,0,55
761.0,0,55
762.0,0,55
763.0,0,55
764.0,0,55
765.0,0,55
766.0,0,55
767.0,0,55
768.0,0,55
769.0,0,55
770.0,0,55
771.0,0,55
772.0,0,55
773.0,0,55
774.0,0,55
775.0,0,55
776.0,0,55
777.0,0,55
778.0,0,55
779.0,0,55
780.0,0,55
781.0,0,55
782.0,0,55
783.0,0,55
784.0,0,55
785.0,0,55
786.0,0,55
787.0,0,55
788.0,0,55
789.0,0,55
790.0,0,55
791.0,0,55
792.0,0,55
793.0,0,55
794.0,0,55
795.0,0,55
796.0,0,55
797.0,0,55
798.0,0,55
799.0,0,55
800.0,0,55
801.0,0,55
802.0,0,55
803.0,0,55
804.0,0,55
805.0,0,55
806.0,0,55
807.0,0,55
808.0,0,55
809.0,0,55
810.0,0,55
811.0,0,55
812.0,0,55
813.0,0,55
814.0,0,55
815.0,0,55
816.0,0,55
817.0,0,55
818.0,0,55
819.0,0,55
820.0,0,55
821.0,0,55
822.0,0,55
823.0,0,55
824.0,0,55
825.0,0,55
826.0,0,55
827.0,0,55
828.0,0,55
829.0,0,55
830.0,0,55
831.0,0,55
832.0,0,55
833.0,0,55
834.0,0,55
835.0,0,55
836.0,0,55
837.0,0,55
838.0,0,55
839.0,0,55
840.0,0,55
841.0,0,55
842.0,0,55
843.0,0,55
844.0,0,55
845.0,0,55
846.0,0,55
847.0,0,55
848.0,0,55
849.0,0,55
850.0,0,55
851.0,0,55
852.0,0,55
853.0,0,55
854.0,0,55
855.0,0,55
856.0,0,55
857.0,0,55
858.0,0,55
859.0,0,55
860.0,0,55
861.0,0,55
862.0,0,55
863.0,0,55
864.0,0,55
865.0,0,55
866.0,0,55
867.0,0,55
868.0,0,55
869.0,0,55
870.0,0,55
871.0,0,55
872.0,0,55
873.0,0,55
874.0,0,55
875.0,0,55
876.0,0,55
877.0,0,55
878.0,0,55
879.0,0,55
880.0,0,55
881.0,0,55
882.0,0,55
883.0,0,55
884.0,0,55
885.0,0,55
886.0,0,55
887.0,0,55
888.0,0,55
889.0,0,55
890.0,0,55
891.0,0,55
892.0,0,55
893.0,0,55
894.0,0,55
895.0,0,55
896.0,0,55
897.0,0,55
898.0,0,55
899.0,0,55
900.0,0,55
901.0,0,55
902.0,0,55
903.0,0,55
904.0,0,55
905.0,0,55
906.0,0,55
907.0,0,55
908.0,0,55
909.0,0,55
910.0,0,55
911.0,0,55
912.0,0,55
913.0,0,55
914.0,0,55
915.0,0,55
916.0,0,55
917.0,0,55
918.0,0,55
919.0,0,55
920.0,0,55
921.0,0,55
922.0,0,55
923.0,0,55
924.0,0,55
925.0,0,55
926.0,0,55
927.0,0,55
928.0,0,55
929.0,0,55
930.0,0,55
931.0,0,55
932.0,0,55
933.0,0,55
934.0,0,55
935.0,0,55
936.0,0,55
937.0,0,55
938.0,0,55
939.0,0,55
940.0,0,55
941.0,0,55
942.0,0,55
943.0,0,55
944.0,0,55
945.0,0,55
946.0,0,55
947.0,0,55
948.0,0,55
949.0,0,55
950.0,0,55
951.0,0,55
952.0,0,55
953.0,0,55
954.0,0,55
955.0,0,55
956.0,0,55
957.0,0,55
958.0,0,55
959.0,0,55
960.0,0,55
961.0,0,55
962.0,0,55
963.0,0,55
964.0,0,55
965.0,0,55
966.0,0,55
967.0,0,55
968.0,0,55
969.0,0,55
970.0,0,55
971.0,0,55
972.0,0,55
973.0,0,55
974.0,0,55
975.0,0,55
976.0,0,55
977.0,0,55
978.0,0,55
979.0,0,55
980.0,0,55
981.0,0,55
982.0,0,55
983.0,0,55
984.0,0,55
985.0,0,55
986.0,0,55
987.0,0,55
988.0,0,55
989.0,0,55
990.0,0,55
991.0,0,55
992.0,0,55
993.0,0,55
994.0,0,55
995.0,0,55
996.0,0,55
997.0,0,55
998.0,0,55
999.0,0,55
1000.0,0,55
1001.0,0,55
1002.0,0,55
1003.0,0,55
1004.0,0,55
1005.0,0,55
1006.0,0,55
1007.0,0,55
1008.0,0,55
1009.0,0,55
1010.0,0,55
1011.0,0,55
1012.0,0,55
1013.0,0,55
1014.0,0,55
1015.0,0,55
1016.0,0,55
1017.0,0,55
1018.0,0,55
1019.0,0,55
1020.0,0,55
1021.0,0,55
1022.0,0,55
1023.0,0,55
1024.0,0,55
1025.0,0,55
1026.0,0,55
1027.0,0,55
1028.0,0,55
1029.0,0,55
1030.0,0,55
1031.0,0,55
1032.0,0,55
1033.0,0,55
1034.0,0,55
1035.0,0,55
1036.0,0,55
1037.0,0,55
1038.0,0,55
1039.0,0,55
1040.0,0,55
1041.0,0,55
1042.0,0,55
1043.0,0,55
1044.0,0,55
1045.0,0,55
1046.0,0,55
1047.0,0,55
1048.0,0,55
1049.0,0,55
1050.0,0,55
1051.0,0,55
1052.0,0,55
1053.0,0,55
1054.0,0,55
1055.0,0,55
1056.0,0,55
1057.0,0,55
1058.0,0,55
1059.0,0,55
1060.0,0,55
1061.0,0,55
1062.0,0,55
1063.0,0,55
1064.0,0,55
1065.0,0,55
1066.0,0,55
1067.0,0,55
1068.0,0,55
1069.0,0,55
1070.0,0,55
1071.0,0,55
1072.0,0,55
1073.0,0,55
1074.0,0,55
1075.0,0,55
1076.0,0,55
1077.0,0,55
1078.0,0,55
1079.0,0,55
1080.0,0,55
1081.0,0,55
1082.0,0,55
1083.0,0,55
1084.0,0,55
1085.0,0,55
1086.0,0,55
1087.0,0,55
1088.0,0,55
1089.0,0,55
1090.0,0,55
1091.0,0,55
1092.0,0,55
1093.0,0,55
1094.0,0,55
1095.0,0,55
1096.0,0,55
1097.0,0,55
1098.0,0,55
1099.0,0,55
1100.0,0,55
1101.0,0,55
1102.0,0,55
1103.0,0,55
1104.0,0,55
1105.0,0,55
1106.0,0,55
1107.0,0,55
1108.0,0,55
1109.0,0,55
1110.0,0,55
1111.0,0,55
1112.0,0,55
1113.0,0,55
1114.0,0,55
1115.0,0,55
1116.0,0,55
1117.0,0,55
1118.0,0,55
1119.0,0,55
1120.0,0,55
1121.0,0,55
1122.0,0,55
1123.0,0,55
1124.0,0,55
1125.0,0,55
1126.0,0,55
1127.0,0,55
1128.0,0,55
1129.0,0,55
1130.0,0,55
1131.0,0,55
1132.0,0,55
1133.0,0,55
1134.0,0,55
1135.0,0,55
1136.0,0,55
1137.0,0,55
1138.0,0,55
1139.0,0,55
1140.0,0,55
1141.0,0,55
1142.0,0,55
1143.0,0,55
1144.0,0,55
1145.0,0,55
1146.0,0,55
1147.0,0,55
1148.0,0,55
1149.0,0,55
1150.0,0,55
1151.0,0,55
1152.0,0,55
1153.0,0,55
1154.0,0,55
1155.0,0,55
1156.0,0,55
1157.0,0,55
1158.0,0,55
1159.0,0,55
1160.0,0,55
1161.0,0,55
1162.0,0,55
1163.0,0,55
1164.0,0,55
1165.0,0,55
1166.0,0,55
1167.0,0,55
1168.0,0,55
1169.0,0,55
1170.0,0,55
1171.0,0,55
1172.0,0,55
1173.0,0,55
1174.0,0,55
1175.0,0,55
1176.0,0,55
1177.0,0,55
1178.0,0,55
1179.0,0,55
1180.0,0,55
1181.0,0,55
1182.0,0,55
1183.0,0,55
1184.0,0,55
1185.0,0,55
1186.0,0,55
1187.0,0,55
1188.0,0,55
1189.0,0,55
1190.0,0,55
1191.0,0,55
1192.0,0,55
1193.0,0,55
1194.0,0,55
1195.0,0,55
1196.0,0,55
1197.0,0,55
1198.0,0,55
1199.0,0,55
1200.0,0,55
1201.0,0,55
1202.0,0,55
1203.0,0,55
1204.0,0,55
1205.0,0,55
1206.0,0,55
1207.0,0,55
1208.0,0,55
1209.0,0,55
1210.0,0,55
1211.0,0,55
1212.0,0,55
1213.0,0,55
1214.0,0,55
1215.0,0,55
1216.0,0,55
1217.0,0,55
1218.0,0,55
1219.0,0,55
1220.0,0,55
1221.0,0,55
1222.0,0,55
1223.0,0,55
1224.0,0,55
1225.0,0,55
1226.0,0,55
1227.0,0,55
1228.0,0,55
1229.0,0,55
1230.0,0,55
1231.0,0,55
1232.0,0,55
1233.0,0,55
1234.0,0,55
1235.0,0,55
1236.0,0,55
1237.0,0,55
1238.0,0,55
1239.0,0,55
1240.0,0,55
1241.0,0,55
1242.0,0,55
1243.0,0,55
1244.0,0,55
1245.0,0,55
1246.0,0,55
1247.0,0,55
1248.0,0,55
1249.0,0,55
1250.0,0,55
1251.0,0,55
1252.0,0,55
1253.0,0,55
1254.0,0,55
1255.0,0,55
1256.0,0,55
1257.0,0,55
1258.0,0,55
1259.0,0,55
1260.0,0,55
1261.0,0,55
1262.0,0,55
1263.0,0,55
1264.0,0,55
1265.0,0,55
1266.0,0,55
1267.0,0,55
1268.0,0,55
1269.0,0,55
1270.0,0,55
1271.0,0,55
1272.0,0,55
1273.0,0,55
1274.0,0,55
1275.0,0,55
1276.0,0,55
1277.0,0,55
1278.0,0,55
1279.0,0,55
1280.0,0,55
1281.0,0,55
1282.0,0,55
1283.0,0,55
1284.0,0,55
1285.0,0,55
1286.0,0,55
1287.0,0,55
1288.0,0,55
1289.0,0,55
1290.0,0,55
1291.0,0,55
1292.0,0,55
1293.0,0,55
1294.0,0,55
1295.0,0,55
1296.0,0,55
1297.0,0,55
1298.0,0,55
1299.0,0,55
1300.0,0,55
1301.0,0,55
1302.0,0,55
1303.0,0,55
1304.0,0,55
1305.0,0,55
1306.0,0,55
1307.0,0,55
1308.0,0,55
1309.0,0,55
1310.0,0,55
1311.0,0,55
1312.0,0,55
1313.0,0,55
1314.0,0,55
1315.0,0,55
1316.0,0,55
1317.0,0,55
1318.0,0,55
1319.0,0,55
1320.0,0,55
1321.0,0,55
1322.0,0,55
1323.0,0,55
1324.0,0,55
1325.0,0,55
1326.0,0,55
1327.0,0,55
1328.0,0,55
1329.0,0,55
1330.0,0,55
1331.0,0,55
1332.0,0,55
1333.0,0,55
1334.0,0,55
1335.0,0,55
1336.0,0,55
1337.0,0,55
1338.0,0,55
1339.0,0,55
1340.0,0,55
1341.0,0,55
1342.0,0,55
1343.0,0,55
1344.0,0,55
1345.0,0,55
1346.0,0,55
1347.0,0,55
1348.0,0,55
1349.0,0,55
1350.0,0,55
1351.0,0,55
1352.0,0,55
1353.0,0,55
1354.0,0,55
1355.0,0,55
1356.0,0,55
1357.0,0,55
1358.0,0,55
1359.0,0,55
1360.0,0,55
1361.0,0,55
1362.0,0,55
1363.0,0,55
1364.0,0,55
1365.0,0,55
1366.0,0,55
1367.0,0,55
1368.0,0,55
1369.0,0,55
1370.0,0,55
1371.0,0,55
1372.0,0,55
1373.0,0,55
1374.0,0,55
1375.0,0,55
1376.0,0,55
1377.0,0,55
1378.0,0,55
1379.0,0,55
1380.0,0,55
1381.0,0,55
1382.0,0,55
1383.0,0,55
1384.0,0,55
1385.0,0,55
1386.0,0,55
1387.0,0,55
1388.0,0,55
1389.0,0,55
1390.0,0,55
1391.0,0,55
1392.0,0,55
1393.0,0,55
1394.0,0,55
1395.0,0,55
1396.0,0,55
1397.0,0,55
1398.0,0,55
1399.0,0,55
1400.0,0,55
1401.0,0,55
1402.0,0,55
1403.0,0,55
1404.0,0,55
1405.0,0,55
1406.0,0,55
1407.0,0,55
1408.0,0,55
1409.0,0,55
1410.0,0,55
1411.0,0,55
1412.0,0,55
1413.0,0,55
1414.0,0,55
1415.0,0,55
1416.0,0,55
1417.0,0,55
1418.0,0,55
1419.0,0,55
1420.0,0,55
1421.0,0,55
1422.0,0,55
1423.0,0,55
1424.0,0,55
1425.0,0,55
1426.0,0,55
1427.0,0,55
1428.0,0,55
1429.0,0,55
1430.0,0,55
1431.0,0,55
1432.0,0,55
1433.0,0,55
1434.0,0,55
1435.0,0,55
1436.0,0,55
1437.0,0,55
1438.0,0,55
1439.0,0,55
1440.0,0,55
1441.0,0,55
1442.0,0,55
1443.0,0,55
1444.0,0,55
1445.0,0,55
1446.0,0,55
1447.0,0,55
1448.0,0,55
1449.0,0,55
1450.0,0,55
1451.0,0,55
1452.0,0,55
1453.0,0,55
1454.0,0,55
1455.0,0,55
1456.0,0,55
1457.0,0,55
1458.0,0,55
1459.0,0,55
1460.0,0,55
1461.0,0,55
1462.0,0,55
1463.0,0,55
1464.0,0,55
1465.0,0,55
1466.0,0,55
1467.0,0,55
1468.0,0,55
1469.0,0,55
1470.0,0,55
1471.0,0,55
1472.0,0,55
1473.0,0,55
1474.0,0,55
1475.0,0,55
1476.0,0,55
1477.0,0,55
1478.0,0,55
1479.0,0,55
1480.0,0,55
1481.0,0,55
1482.0,0,55
1483.0,0,55
1484.0,0,55
1485.0,0,55
1486.0,0,55
1487.0,0,55
1488.0,0,55
1489.0,0,55
1490.0,0,55
1491.0,0,55
1492.0,0,55
1493.0,0,55
1494.0,0,55
1495.0,0,55
1496.0,0,55
1497.0,0,55
1498.0,0,55
1499.0,0,55
1500.0,0,55
1501.0,0,55
1502.0,0,55
1503.0,0,55
1504.0,0,55
1505.0,0,55
1506.0,0,55
1507.0,0,55
1508.0,0,55
1509.0,0,55
1510.0,0,55
1511.0,0,55
1512.0,0,55
1513.0,0,55
1514.0,0,55
1515.0,0,55
1516.0,0,55
1517.0,0,55
1518.0,0,55
1519.0,0,55
1520.0,0,55
1521.0,0,55
1522.0,0,55
1523.0,0,55
1524.0,0,55
1525.0,0,55
1526.0,0,55
1527.0,0,55
1528.0,0,55
1529.0,0,55
1530.0,0,55
1531.0,0,55
1532.0,0,55
1533.0,0,55
1534.0,0,55
1535.0,0,55
1536.0,0,55
1537.0,0,55
1538.0,0,55
1539.0,0,55
1540.0,0,55
1541.0,0,55
1542.0,0,55
1543.0,0,55
1544.0,0,55
1545.0,0,55
1546.0,0,55
1547.0,0,55
1548.0,0,55
1549.0,0,55
1550.0,0,55
1551.0,0,55
1552.0,0,55
1553.0,0,55
1554.0,0,55
1555.0,0,55
1556.0,0,55
1557.0,0,55
1558.0,0,55
1559.0,0,55
1560.0,0,55
1561.0,0,55
1562.0,0,55
1563.0,0,55
1564.0,0,55
1565.0,0,55
1566.0,0,55
1567.0,0,55
1568.0,0,55
1569.0,0,55
1570.0,0,55
1571.0,0,55
1572.0,0,55
1573.0,0,55
1574.0,0,55
1575.0,0,55
1576.0,0,55
1577.0,0,55
1578.0,0,55
1579.0,0,55
1580.0,0,55
1581.0,0,55
1582.0,0,55
1583.0,0,55
1584.0,0,55
1585.0,0,55
1586.0,0,55
1587.0,0,55
1588.0,0,55
1589.0,0,55
1590.0,0,55
1591.0,0,55
1592.0,0,55
1593.0,0,55
1594.0,0,55
1595.0,0,55
1596.0,0,55
1597.0,0,55
1598.0,0,55
1599.0,0,55
1600.0,0,55
1601.0,0,55
1602.0,0,55
1603.0,0,55
1604.0,0,55
1605.0,0,55
1606.0,0,55
1607.0,0,55
1608.0,0,55
1609.0,0,55
1610.0,0,55
1611.0,0,55
1612.0,0,55
1613.0,0,55
1614.0,0,55
1615.0,0,55
1616.0,0,55
1617.0,0,55
1618.0,0,55
1619.0,0,55
1620.0,0,55
1621.0,0,55
1622.0,0,55
1623.0,0,55
1624.0,0,55
1625.0,0,55
1626.0,0,55
1627.0,0,55
1628.0,0,55
1629.0,0,55
1630.0,0,55
1631.0,0,55
1632.0,0,55
1633.0,0,55
1634.0,0,55
1635.0,0,55
1636.0,0,55
1637.0,0,55
1638.0,0,55
1639.0,0,55
1640.0,0,55
1641.0,0,55
1642.0,0,55
1643.0,0,55
1644.0,0,55
1645.0,0,55
1646.0,0,55
1647.0,0,55
1648.0,0,55
1649.0,0,55
1650.0,0,55
1651.0,0,55
1652.0,0,55
1653.0,0,55
1654.0,0,55
1655.0,0,55
1656.0,0,55
1657.0,0,55
1658.0,0,55
1659.0,0,55
1660.0,0,55
1661.0,0,55
1662.0,0,55
1663.0,0,55
1664.0,0,55
1665.0,0,55
1666.0,0,55
1667.0,0,55
1668.0,0,55
1669.0,0,55
1670.0,0,55
1671.0,0,55
1672.0,0,55
1673.0,0,55
1674.0,0,55
1675.0,0,55
1676.0,0,55
1677.0,0,55
1678.0,0,55
1679.0,0,55
1680.0,0,55
1681.0,0,55
1682.0,0,55
1683.0,0,55
1684.0,0,55
1685.0,0,55
1686.0,0,55
1687.0,0,55
1688.0,0,55
1689.0,0,55
1690.0,0,55
1691.0,0,55
1692.0,0,55
1693.0,0,55
1694.0,0,55
1695.0,0,55
1696.0,0,55
1697.0,0,55
1698.0,0,55
1699.0,0,55
1700.0,0,55
1701.0,0,55
1702.0,0,55
1703.0,0,55
1704.0,0,55
1705.0,0,55
1706.0,0,55
1707.0,0,55
1708.0,0,55
1709.0,0,55
1710.0,0,55
1711.0,0,55
1712.0,0,55
1713.0,0,55
1714.0,0,55
1715.0,0,55
1716.0,0,55
1717.0,0,55
1718.0,0,55
1719.0,0,55
1720.0,0,55
1721.0,0,55
1722.0,0,55
1723.0,0,55
1724.0,0,55
1725.0,0,55
1726.0,0,55
1727.0,0,55
1728.0,0,55
1729.0,0,55
1730.0,0,55
1731.0,0,55
1732.0,0,55
1733.0,0,55
1734.0,0,55
1735.0,0,55
1736.0,0,55
1737.0,0,55
1738.0,0,55
1739.0,0,55
1740.0,0,55
1741.0,0,55
1742.0,0,55
1743.0,0,55
1744.0,0,55
1745.0,0,55
1746.0,0,55
1747.0,0,55
1748.0,0,55
1749.0,0,55
1750.0,0,55
1751.0,0,55
1752.0,0,55
1753.0,0,55
1754.0,0,55
1755.0,0,55
1756.0,0,55
1757.0,0,55
1758.0,0,55
1759.0,0,55
1760.0,0,55
1761.0,0,55
1762.0,0,55
1763.0,0,55
1764.0,0,55
1765.0,0,55
1766.0,0,55
1767.0,0,55
1768.0,0,55
1769.0,0,55
1770.0,0,55
1771.0,0,55
1772.0,0,55
1773.0,0,55
1774.0,0,55
1775.0,0,55
1776.0,0,55
1777.0,0,55
1778.0,0,55
1779.0,0,55
1780.0,0,55
1781.0,0,55
1782.0,0,55
1783.0,0,55
1784.0,0,55
1785.0,0,55
1786.0,0,55
1787.0,0,55
1788.0,0,55
1789.0,0,55
1790.0,0,55
1791.0,0,55
1792.0,0,55
1793.0,0,55
1794.0,0,55
1795.0,0,55
1796.0,0,55
1797.0,0,55
1798.0,0,55
1799.0,0,55
1800.0,0,55
1801.0,0,55
1802.0,0,55
1803.0,0,55
1804.0,0,55
1805.0,0,55
1806.0,0,55
1807.0,0,55
1808.0,0,55
1809.0,0,55
1810.0,0,55
1811.0,0,55
1812.0,0,55
1813.0,0,55
1814.0,0,55
1815.0,0,55
1816.0,0,55
1817.0,0,55
1818.0,0,55
1819.0,0,55
1820.0,0,55
1821.0,0,55
1822.0,0,55
1823.0,0,55
1824.0,0,55
1825.0,0,55
1826.0,0,55
1827.0,0,55
1828.0,0,55
1829.0,0,55
1830.0,0,55
1831.0,0,55
1832.0,0,55
1833.0,0,55
1834.0,0,55
1835.0,0,55
1836.0,0,55
1837.0,0,55
1838.0,0,55
1839.0,0,55
1840.0,0,55
1841.0,0,55
1842.0,0,55
1843.0,0,55
1844.0,0,55
1845.0,0,55
1846.0,0,55
1847.0,0,55
1848.0,0,55
1849.0,0,55
1850.0,0,55
1851.0,0,55
1852.0,0,55
1853.0,0,55
1854.0,0,55
1855.0,0,55
1856.0,0,55
1857.0,0,55
1858.0,0,55
1859.0,0,55
1860.0,0,55
1861.0,0,55
1862.0,0,55
1863.0,0,55
1864.0,0,55
1865.0,0,55
1866.0,0,55
1867.0,0,55
1868.0,0,55
1869.0,0,55
1870.0,0,55
1871.0,0,55
1872.0,0,55
1873.0,0,55
1874.0,0,55
1875.0,0,55
1876.0,0,55
1877.0,0,55
1878.0,0,55
1879.0,0,55
1880.0,0,55
1881.0,0,55
1882.0,0,55
1883.0,0,55
1884.0,0,55
1885.0,0,55
1886.0,0,55
1887.0,0,55
1888.0,0,55
1889.0,0,55
1890.0,0,55
1891.0,0,55
1892.0,0,55
1893.0,0,55
1894.0,0,55
1895.0,0,55
1896.0,0,55
1897.0,0,55
1898.0,0,55
1899.0,0,55
1900.0,0,55
1901.0,0,55
1902.0,0,55
1903.0,0,55
1904.0,0,55
1905.0,0,55
1906.0,0,55
1907.0,0,55
1908.0,0,55
1909.0,0,55
1910.0,0,55
1911.0,0,55
1912.0,0,55
1913.0,0,55
1914.0,0,55
1915.0,0,55
1916.0,0,55
1917.0,0,55
1918.0,0,55
1919.0,0,55
1920.0,0,55
1921.0,0,55
1922.0,0,55
1923.0,0,55
1924.0,0,55
1925.0,0,55
1926.0,0,55
1927.0,0,55
1928.0,0,55
1929.0,0,55
1930.0,0,55
1931.0,0,55
1932.0,0,55
1933.0,0,55
1934.0,0,55
1935.0,0,55
1936.0,0,55
1937.0,0,55
1938.0,0,55
1939.0,0,55
1940.0,0,55
1941.0,0,55
1942.0,0,55
1943.0,0,55
1944.0,0,55
1945.0,0,55
1946.0,0,55
1947.0,0,55
1948.0,0,55
1949.0,0,55
1950.0,0,55
1951.0,0,55
1952.0,0,55
1953.0,0,55
1954.0,0,55
1955.0,0,55
1956.0,0,55
1957.0,0,55
1958.0,0,55
1959.0,0,55
1960.0,0,55
1961.0,0,55
1962.0,0,55
1963.0,0,55
1964.0,0,55
1965.0,0,55
1966.0,0,55
1967.0,0,55
1968.0,0,55
1969.0,0,55
1970.0,0,55
1971.0,0,55
1972.0,0,55
1973.0,0,55
1974.0,0,55
1975.0,0,55
1976.0,0,55
1977.0,0,55
1978.0,0,55
1979.0,0,55
1980.0,0,55
1981.0,0,55
1982.0,0,55
1983.0,0,55
1984.0,0,55
1985.0,0,55
1986.0,0,55
1987.0,0,55
1988.0,0,55
1989.0,0,55
1990.0,0,55
1991.0,0,55
1992.0,0,55
1993.0,0,55
1994.0,0,55
1995.0,0,55
1996.0,0,55
1997.0,0,55
1998.0,0,55
1999.0,0,55
2000.0,0,55
2001.0,0,55
2002.0,0,55
2003.0,0,55
2004.0,0,55
2005.0,0,55
2006.0,0,55
2007.0,0,55
2008.0,0,55
2009.0,0,55
2010.0,0,55
2011.0,0,55
2012.0,0,55
2013.0,0,55
2014.0,0,55
2015.0,0,55
2016.0,0,55
2017.0,0,55
2018.0,0,55
2019.0,0,55
2020.0,0,55
2021.0,0,55
2022.0,0,55
2023.0,0,55
2024.0,0,55
2025.0,0,55
2026.0,0,55
2027.0,0,55
2028.0,0,55
2029.0,0,55
2030.0,0,55
2031.0,0,55
2032.0,0,55
2033.0,0,55
2034.0,0,55
2035.0,0,55
2036.0,0,55
2037.0,0,55
2038.0,0,55
2039.0,0,55
2040.0,0,55
2041.0,0,55
2042.0,0,55
2043.0,0,55
2044.0,0,55
2045.0,0,55
2046.0,0,55
2047.0,0,55
2048.0,0,55
2049.0,0,55
2050.0,0,55
2051.0,0,55
2052.0,0,55
2053.0,0,55
2054.0,0,55
2055.0,0,55
2056.0,0,55
2057.0,0,55
2058.0,0,55
2059.0,0,55
2060.0,0,55
2061.0,0,55
2062.0,0,55
2063.0,0,55
2064.0,0,55
2065.0,0,55
2066.0,0,55
2067.0,0,55
2068.0,0,55
2069.0,0,55
2070.0,0,55
2071.0,0,55
2072.0,0,55
2073.0,0,55
2074.0,0,55
2075.0,0,55
2076.0,0,55
2077.0,0,55
2078.0,0,55
2079.0,0,55
2080.0,0,55
2081.0,0,55
2082.0,0,55
2083.0,0,55
2084.0,0,55
2085.0,0,55
2086.0,0,55
2087.0,0,55
2088.0,0,55
2089.0,0,55
2090.0,0,55
2091.0,0,55
2092.0,0,55
2093.0,0,55
2094.0,0,55
2095.0,0,55
2096.0,0,55
2097.0,0,55
2098.0,0,55
2099.0,0,55
2100.0,0,55
2101.0,0,55
2102.0,0,55
2103.0,0,55
2104.0,0,55
2105.0,0,55
2106.0,0,55
2107.0,0,55
2108.0,0,55
2109.0,0,55
2110.0,0,55
2111.0,0,55
2112.0,0,55
2113.0,0,55
2114.0,0,55
2115.0,0,55
2116.0,0,55
2117.0,0,55
2118.0,0,55
2119.0,0,55
2120.0,0,55
2121.0,0,55
2122.0,0,55
2123.0,0,55
2124.0,0,55
2125.0,0,55
2126.0,0,55
2127.0,0,55
2128.0,0,55
2129.0,0,55
2130.0,0,55
2131.0,0,55
2132.0,0,55
2133.0,0,55
2134.0,0,55
2135.0,0,55
2136.0,0,55
2137.0,0,55
2138.0,0,55
2139.0,0,55
2140.0,0,55
2141.0,0,55
2142.0,0,55
2143.0,0,55
2144.0,0,55
2145.0,0,55
2146.0,0,55
2147.0,0,55
2148.0,0,55
2149.0,0,55
2150.0,0,55
2151.0,0,55
2152.0,0,55
2153.0,0,55
2154.0,0,55
2155.0,0,55
2156.0,0,55
2157.0,0,55
2158.0,0,55
2159.0,0,55
2160.0,0,55
2161.0,0,55
2162.0,0,55
2163.0,0,55
2164.0,0,55
2165.0,0,55
2166.0,0,55
2167.0,0,55
2168.0,0,55
2169.0,0,55
2170.0,0,55
2171.0,0,55
2172.0,0,55
2173.0,0,55
2174.0,0,55
2175.0,0,55
2176.0,0,55
2177.0,0,55
2178.0,0,55
2179.0,0,55
2180.0,0,55
2181.0,0,55
2182.0,0,55
2183.0,0,55
2184.0,0,55
2185.0,0,55
2186.0,0,55
2187.0,0,55
2188.0,0,55
2189.0,0,55
2190.0,0,55
2191.0,0,55
2192.0,0,55
2193.0,0,55
2194.0,0,55
2195.0,0,55
2196.0,0,55
2197.0,0,55
2198.0,0,55
2199.0,0,55
2200.0,0,55
2201.0,0,55
2202.0,0,55
2203.0,0,55
2204.0,0,55
2205.0,0,55
2206.0,0,55
2207.0,0,55
2208.0,0,55
2209.0,0,55
2210.0,0,55
2211.0,0,55
2212.0,0,55
2213.0,0,55
2214.0,0,55
2215.0,0,55
2216.0,0,55
2217.0,0,55
2218.0,0,55
2219.0,0,55
2220.0,0,55
2221.0,0,55
2222.0,0,55
2223.0,0,55
2224.0,0,55
2225.0,0,55
2226.0,0,55
2227.0,0,55
2228.0,0,55
2229.0,0,55
2230.0,0,55
2231.0,0,55
2232.0,0,55
2233.0,0,55
2234.0,0,55
2235.0,0,55
2236.0,0,55
2237.0,0,55
2238.0,0,55
2239.0,0,55
2240.0,0,55
2241.0,0,55
2242.0,0,55
2243.0,0,55
2244.0,0,55
2245.0,0,55
2246.0,0,55
2247.0,0,55
2248.0,0,55
2249.0,0,55
2250.0,0,55
2251.0,0,55
2252.0,0,55
2253.0,0,55
2254.0,0,55
2255.0,0,55
2256.0,0,55
2257.0,0,55
2258.0,0,55
2259.0,0,55
2260.0,0,55
2261.0,0,55
2262.0,0,55
2263.0,0,55
2264.0,0,55
2265.0,0,55
2266.0,0,55
2267.0,0,55
2268.0,0,55
2269.0,0,55
2270.0,0,55
2271.0,0,55
2272.0,0,55
2273.0,0,55
2274.0,0,55
2275.0,0,55
2276.0,0,55
2277.0,0,55
2278.0,0,55
2279.0,0,55
2280.0,0,55
2281.0,0,55
2282.0,0,55
2283.0,0,55
2284.0,0,55
2285.0,0,55
2286.0,0,55
2287.0,0,55
2288.0,0,55
2289.0,0,55
2290.0,0,55
2291.0,0,55
2292.0,0,55
2293.0,0,55
2294.0,0,55
2295.0,0,55
2296.0,0,55
2297.0,0,55
2298.0,0,55
2299.0,0,55
2300.0,0,55
2301.0,0,55
2302.0,0,55
2303.0,0,55
2304.0,0,55
2305.0,0,55
2306.0,0,55
2307.0,0,55
2308.0,0,55
2309.0,0,55
2310.0,0,55
2311.0,0,55
2312.0,0,55
2313.0,0,55
2314.0,0,55
2315.0,0,55
2316.0,0,55
2317.0,0,55
2318.0,0,55
2319.0,0,55
2320.0,0,55
2321.0,0,55
2322.0,0,55
2323.0,0,55
2324.0,0,55
2325.0,0,55
2326.0,0,55
2327.0,0,55
2328.0,0,55
2329.0,0,55
2330.0,0,55
2331.0,0,55
2332.0,0,55
2333.0,0,55
2334.0,0,55
2335.0,0,55
2336.0,0,55
2337.0,0,55
2338.0,0,55
2339.0,0,55
2340.0,0,55
2341.0,0,55
2342.0,0,55
2343.0,0,55
2344.0,0,55
2345.0,0,55
2346.0,0,55
2347.0,0,55
2348.0,0,55
2349.0,0,55
2350.0,0,55
2351.0,0,55
2352.0,0,55
2353.0,0,55
2354.0,0,55
2355.0,0,55
2356.0,0,55
2357.0,0,55
2358.0,0,55
2359.0,0,55
2360.0,0,55
2361.0,0,55
2362.0,0,55
2363.0,0,55
2364.0,0,55
2365.0,0,55
2366.0,0,55
2367.0,0,55
2368.0,0,55
2369.0,0,55
2370.0,0,55
2371.0,0,55
2372.0,0,55
2373.0,0,55
2374.0,0,55
2375.0,0,55
2376.0,0,55
2377.0,0,55
2378.0,0,55
2379.0,0,55
2380.0,0,55
2381.0,0,55
2382.0,0,55
2383.0,0,55
2384.0,0,55
2385.0,0,55
2386.0,0,55
2387.0,0,55
2388.0,0,55
2389.0,0,55
2390.0,0,55
2391.0,0,55
2392.0,0,55
2393.0,0,55
2394.0,0,55
2395.0,0,55
2396.0,0,55
2397.0,0,55
2398.0,0,55
2399.0,0,55
2400.0,0,55
2401.0,0,55
2402.0,0,55
2403.0,0,55
2404.0,0,55
2405.0,0,55
2406.0,0,55
2407.0,0,55
2408.0,0,55
2409.0,0,55
2410.0,0,55
2411.0,0,55
2412.0,0,55
2413.0,0,55
2414.0,0,55
2415.0,0,55
2416.0,0,55
2417.0,0,55
2418.0,0,55
2419.0,0,55
2420.0,0,55
2421.0,0,55
2422.0,0,55
2423.0,0,55
2424.0,0,55
2425.0,0,55
2426.0,0,55
2427.0,0,55
2428.0,0,55
2429.0,0,55
2430.0,0,55
2431.0,0,55
2432.0,0,55
2433.0,0,55
2434.0,0,55
2435.0,0,55
2436.0,0,55
2437.0,0,55
2438.0,0,55
2439.0,0,55
2440.0,0,55
2441.0,0,55
2442.0,0,55
2443.0,0,55
2444.0,0,55
2445.0,0,55
2446.0,0,55
2447.0,0,55
2448.0,0,55
2449.0,0,55
2450.0,0,55
2451.0,0,55
2452.0,0,55
2453.0,0,55
2454.0,0,55
2455.0,0,55
2456.0,0,55
2457.0,0,55
2458.0,0,55
2459.0,0,55
2460.0,0,55
2461.0,0,55
2462.0,0,55
2463.0,0,55
2464.0,0,55
2465.0,0,55
2466.0,0,55
2467.0,0,55
2468.0,0,55
2469.0,0,55
2470.0,0,55
2471.0,0,55
2472.0,0,55
2473.0,0,55
2474.0,0,55
2475.0,0,55
2476.0,0,55
2477.0,0,55
2478.0,0,55
2479.0,0,55
2480.0,0,55
2481.0,0,55
2482.0,0,55
2483.0,0,55
2484.0,0,55
2485.0,0,55
2486.0,0,55
2487.0,0,55
2488.0,0,55
2489.0,0,55
2490.0,0,55
2491.0,0,55
2492.0,0,55
2493.0,0,55
2494.0,0,55
2495.0,0,55
2496.0,0,55
2497.0,0,55
2498.0,0,55
2499.0,0,55
2500.0,0,55
2501.0,0,55
2502.0,0,55
2503.0,0,55
2504.0,0,55
2505.0,0,55
2506.0,0,55
2507.0,0,55
2508.0,0,55
2509.0,0,55
2510.0,0,55
2511.0,0,55
2512.0,0,55
2513.0,0,55
2514.0,0,55
2515.0,0,55
2516.0,0,55
2517.0,0,55
2518.0,0,55
2519.0,0,55
2520.0,0,55
2521.0,0,55
2522.0,0,55
2523.0,0,55
2524.0,0,55
2525.0,0,55
2526.0,0,55
2527.0,0,55
2528.0,0,55
2529.0,0,55
2530.0,0,55
2531.0,0,55
2532.0,0,55
2533.0,0,55
2534.0,0,55
2535.0,0,55
2536.0,0,55
2537.0,0,55
2538.0,0,55
2539.0,0,55
2540.0,0,55
2541.0,0,55
2542.0,0,55
2543.0,0,55
2544.0,0,55
2545.0,0,55
2546.0,0,55
2547.0,0,55
2548.0,0,55
2549.0,0,55
2550.0,0,55
2551.0,0,55
2552.0,0,55
2553.0,0,55
2554.0,0,55
2555.0,0,55
2556.0,0,55
2557.0,0,55
2558.0,0,55
2559.0,0,55
2560.0,0,55
2561.0,0,55
2562.0,0,55
2563.0,0,55
2564.0,0,55
2565.0,0,55
2566.0,0,55
2567.0,0,55
2568.0,0,55
2569.0,0,55
2570.0,0,55
2571.0,0,55
2572.0,0,55
2573.0,0,55
2574.0,0,55
2575.0,0,55
2576.0,0,55
2577.0,0,55
2578.0,0,55
2579.0,0,55
2580.0,0,55
2581.0,0,55
2582.0,0,55
2583.0,0,55
2584.0,0,55
2585.0,0,55
2586.0,0,55
2587.0,0,55
2588.0,0,55
2589.0,0,55
2590.0,0,55
2591.0,0,55
2592.0,0,55
2593.0,0,55
2594.0,0,55
2595.0,0,55
2596.0,0,55
2597.0,0,55
2598.0,0,55
2599.0,0,55
2600.0,0,55
2601.0,0,55
2602.0,0,55
2603.0,0,55
2604.0,0,55
2605.0,0,55
2606.0,0,55
2607.0,0,55
2608.0,0,55
2609.0,0,55
2610.0,0,55
2611.0,0,55
2612.0,0,55
2613.0,0,55
2614.0,0,55
2615.0,0,55
2616.0,0,55
2617.0,0,55
2618.0,0,55
2619.0,0,55
2620.0,0,55
2621.0,0,55
2622.0,0,55
2623.0,0,55
2624.0,0,55
2625.0,0,55
2626.0,0,55
2627.0,0,55
2628.0,0,55
2629.0,0,55
2630.0,0,55
2631.0,0,55
2632.0,0,55
2633.0,0,55
2634.0,0,55
2635.0,0,55
2636.0,0,55
2637.0,0,55
2638.0,0,55
2639.0,0,55
2640.0,0,55
2641.0,0,55
2642.0,0,55
2643.0,0,55
2644.0,0,55
2645.0,0,55
2646.0,0,55
2647.0,0,55
2648.0,0,55
2649.0,0,55
2650.0,0,55
2651.0,0,55
2652.0,0,55
2653.0,0,55
2654.0,0,55
2655.0,0,55
2656.0,0,55
2657.0,0,55
2658.0,0,55
2659.0,0,55
2660.0,0,55
2661.0,0,55
2662.0,0,55
2663.0,0,55
2664.0,0,55
2665.0,0,55
2666.0,0,55
2667.0,0,55
2668.0,0,55
2669.0,0,55
2670.0,0,55
2671.0,0,55
2672.0,0,55
2673.0,0,55
2674.0,0,55
2675.0,0,55
2676.0,0,55
2677.0,0,55
2678.0,0,55
2679.0,0,55
2680.0,0,55
2681.0,0,55
2682.0,0,55
2683.0,0,55
2684.0,0,55
2685.0,0,55
2686.0,0,55
2687.0,0,55
2688.0,0,55
2689.0,0,55
2690.0,0,55
2691.0,0,55
2692.0,0,55
2693.0,0,55
2694.0,0,55
2695.0,0,55
2696.0,0,55
2697.0,0,55
2698.0,0,55
2699.0,0,55
2700.0,0,55
2701.0,0,55
2702.0,0,55
2703.0,0,55
2704.0,0,55
2705.0,0,55
2706.0,0,55
2707.0,0,55
2708.0,0,55
2709.0,0,55
2710.0,0,55
2711.0,0,55
2712.0,0,55
2713.0,0,55
2714.0,0,55
2715.0,0,55
2716.0,0,55
2717.0,0,55
2718.0,0,55
2719.0,0,55
2720.0,0,55
2721.0,0,55
2722.0,0,55
2723.0,0,55
2724.0,0,55
2725.0,0,55
2726.0,0,55
2727.0,0,55
2728.0,0,55
2729.0,0,55
2730.0,0,55
2731.0,0,55
2732.0,0,55
2733.0,0,55
2734.0,0,55
2735.0,0,55
2736.0,0,55
2737.0,0,55
2738.0,0,55
2739.0,0,55
2740.0,0,55
2741.0,0,55
2742.0,0,55
2743.0,0,55
2744.0,0,55
2745.0,0,55
2746.0,0,55
2747.0,0,55
2748.0,0,55
2749.0,0,55
2750.0,0,55
2751.0,0,55
2752.0,0,55
2753.0,0,55
2754.0,0,55
2755.0,0,55
2756.0,0,55
2757.0,0,55
2758.0,0,55
2759.0,0,55
2760.0,0,55
2761.0,0,55
2762.0,0,55
2763.0,0,55
2764.0,0,55
2765.0,0,55
2766.0,0,55
2767.0,0,55
2768.0,0,55
2769.0,0,55
2770.0,0,55
2771.0,0,55
2772.0,0,55
2773.0,0,55
2774.0,0,55
2775.0,0,55
2776.0,0,55
2777.0,0,55
2778.0,0,55
2779.0,0,55
2780.0,0,55
2781.0,0,55
2782.0,0,55
2783.0,0,55
2784.0,0,55
2785.0,0,55
2786.0,0,55
2787.0,0,55
2788.0,0,55
2789.0,0,55
2790.0,0,55
2791.0,0,55
2792.0,0,55
2793.0,0,55
2794.0,0,55
2795.0,0,55
2796.0,0,55
2797.0,0,55
2798.0,0,55
2799.0,0,55
2800.0,0,55
2801.0,0,55
2802.0,0,55
2803.0,0,55
2804.0,0,55
2805.0,0,55
2806.0,0,55
2807.0,0,55
2808.0,0,55
2809.0,0,55
2810.0,0,55
2811.0,0,55
2812.0,0,55
2813.0,0,55
2814.0,0,55
2815.0,0,55
2816.0,0,55
2817.0,0,55
2818.0,0,55
2819.0,0,55
2820.0,0,55
2821.0,0,55
2822.0,0,55
2823.0,0,55
2824.0,0,55
2825.0,0,55
2826.0,0,55
2827.0,0,55
2828.0,0,55
2829.0,0,55
2830.0,0,55
2831.0,0,55
2832.0,0,55
2833.0,0,55
2834.0,0,55
2835.0,0,55
2836.0,0,55
2837.0,0,55
2838.0,0,55
2839.0,0,55
2840.0,0,55
2841.0,0,55
2842.0,0,55
2843.0,0,55
2844.0,0,55
2845.0,0,55
2846.0,0,55
2847.0,0,55
2848.0,0,55
2849.0,0,55
2850.0,0,55
2851.0,0,55
2852.0,0,55
2853.0,0,55
2854.0,0,55
2855.0,0,55
2856.0,0,55
2857.0,0,55
2858.0,0,55
2859.0,0,55
2860.0,0,55
2861.0,0,55
2862.0,0,55
2863.0,0,55
2864.0,0,55
2865.0,0,55
2866.0,0,55
2867.0,0,55
2868.0,0,55
2869.0,0,55
2870.0,0,55
2871.0,0,55
2872.0,0,55
2873.0,0,55
2874.0,0,55
2875.0,0,55
2876.0,0,55
2877.0,0,55
2878.0,0,55
2879.0,0,55
2880.0,0,55
2881.0,0,55
2882.0,0,55
2883.0,0,55
2884.0,0,55
2885.0,0,55
2886.0,0,55
2887.0,0,55
2888.0,0,55
2889.0,0,55
2890.0,0,55
2891.0,0,55
2892.0,0,55
2893.0,0,55
2894.0,0,55
2895.0,0,55
2896.0,0,55
2897.0,0,55
2898.0,0,55
2899.0,0,55
2900.0,0,55
2901.0,0,55
2902.0,0,55
2903.0,0,55
2904.0,0,55
2905.0,0,55
2906.0,0,55
2907.0,0,55
2908.0,0,55
2909.0,0,55
2910.0,0,55
2911.0,0,55
2912.0,0,55
2913.0,0,55
2914.0,0,55
2915.0,0,55
2916.0,0,55
2917.0,0,55
2918.0,0,55
2919.0,0,55
2920.0,0,55
2921.0,0,55
2922.0,0,55
2923.0,0,55
2924.0,0,55
2925.0,0,55
2926.0,0,55
2927.0,0,55
2928.0,0,55
2929.0,0,55
2930.0,0,55
2931.0,0,55
2932.0,0,55
2933.0,0,55
2934.0,0,55
2935.0,0,55
2936.0,0,55
2937.0,0,55
2938.0,0,55
2939.0,0,55
2940.0,0,55
2941.0,0,55
2942.0,0,55
2943.0,0,55
2944.0,0,55
2945.0,0,55
2946.0,0,55
2947.0,0,55
2948.0,0,55
2949.0,0,55
2950.0,0,55
2951.0,0,55
2952.0,0,55
2953.0,0,55
2954.0,0,55
2955.0,0,55
2956.0,0,55
2957.0,0,55
2958.0,0,55
2959.0,0,55
2960.0,0,55
2961.0,0,55
2962.0,0,55
2963.0,0,55
2964.0,0,55
2965.0,0,55
2966.0,0,55
2967.0,0,55
2968.0,0,55
2969.0,0,55
2970.0,0,55
2971.0,0,55
2972.0,0,55
2973.0,0,55
2974.0,0,55
2975.0,0,55
2976.0,0,55
2977.0,0,55
2978.0,0,55
2979.0,0,55
2980.0,0,55
2981.0,0,55
2982.0,0,55
2983.0,0,55
2984.0,0,55
2985.0,0,55
2986.0,0,55
2987.0,0,55
2988.0,0,55
2989.0,0,55
2990.0,0,55
2991.0,0,55
2992.0,0,55
2993.0,0,55
2994.0,0,55
2995.0,0,55
2996.0,0,55
2997.0,0,55
2998.0,0,55
2999.0,0,55
3000.0,0,55
3001.0,0,55
3002.0,0,55
3003.0,0,55
3004.0,0,55
3005.0,0,55
3006.0,0,55
3007.0,0,55
3008.0,0,55
3009.0,0,55
3010.0,0,55
3011.0,0,55
3012.0,0,55
3013.0,0,55
3014.0,0,55
3015.0,0,55
3016.0,0,55
3017.0,0,55
3018.0,0,55
3019.0,0,55
3020.0,0,55
3021.0,0,55
3022.0,0,55
3023.0,0,55
3024.0,0,55
3025.0,0,55
3026.0,0,55
3027.0,0,55
3028.0,0,55
3029.0,0,55
3030.0,0,55
3031.0,0,55
3032.0,0,55
3033.0,0,55
3034.0,0,55
3035.0,0,55
3036.0,0,55
3037.0,0,55
3038.0,0,55
3039.0,0,55
3040.0,0,55
3041.0,0,55
3042.0,0,55
3043.0,0,55
3044.0,0,55
3045.0,0,55
3046.0,0,55
3047.0,0,55
3048.0,0,55
3049.0,0,55
3050.0,0,55
3051.0,0,55
3052.0,0,55
3053.0,0,55
3054.0,0,55
3055.0,0,55
3056.0,0,55
3057.0,0,55
3058.0,0,55
3059.0,0,55
3060.0,0,55
3061.0,0,55
3062.0,0,55
3063.0,0,55
3064.0,0,55
3065.0,0,55
3066.0,0,55
3067.0,0,55
3068.0,0,55
3069.0,0,55
3070.0,0,55
3071.0,0,55
3072.0,0,55
3073.0,0,55
3074.0,0,55
3075.0,0,55
3076.0,0,55
3077.0,0,55
3078.0,0,55
3079.0,0,55
3080.0,0,55
3081.0,0,55
3082.0,0,55
3083.0,0,55
3084.0,0,55
3085.0,0,55
3086.0,0,55
3087.0,0,55
3088.0,0,55
3089.0,0,55
3090.0,0,55
3091.0,0,55
3092.0,0,55
3093.0,0,55
3094.0,0,55
3095.0,0,55
3096.0,0,55
3097.0,0,55
3098.0,0,55
3099.0,0,55
3100.0,0,55
3101.0,0,55
3102.0,0,55
3103.0,0,55
3104.0,0,55
3105.0,0,55
3106.0,0,55
3107.0,0,55
3108.0,0,55
3109.0,0,55
3110.0,0,55
3111.0,0,55
3112.0,0,55
3113.0,0,55
3114.0,0,55
3115.0,0,55
3116.0,0,55
3117.0,0,55
3118.0,0,55
3119.0,0,55
3120.0,0,55
3121.0,0,55
3122.0,0,55
3123.0,0,55
3124.0,0,55
3125.0,0,55
3126.0,0,55
3127.0,0,55
3128.0,0,55
3129.0,0,55
3130.0,0,55
3131.0,0,55
3132.0,0,55
3133.0,0,55
3134.0,0,55
3135.0,0,55
3136.0,0,55
3137.0,0,55
3138.0,0,55
3139.0,0,55
3140.0,0,55
3141.0,0,55
3142.0,0,55
3143.0,0,55
3144.0,0,55
3145.0,0,55
3146.0,0,55
3147.0,0,55
3148.0,0,55
3149.0,0,55
3150.0,0,55
3151.0,0,55
3152.0,0,55
3153.0,0,55
3154.0,0,55
3155.0,0,55
3156.0,0,55
3157.0,0,55
3158.0,0,55
3159.0,0,55
3160.0,0,55
3161.0,0,55
3162.0,0,55
3163.0,0,55
3164.0,0,55
3165.0,0,55
3166.0,0,55
3167.0,0,55
3168.0,0,55
3169.0,0,55
3170.0,0,55
3171.0,0,55
3172.0,0,55
3173.0,0,55
3174.0,0,55
3175.0,0,55
3176.0,0,55
3177.0,0,55
3178.0,0,55
3179.0,0,55
3180.0,0,55
3181.0,0,55
3182.0,0,55
3183.0,0,55
3184.0,0,55
3185.0,0,55
3186.0,0,55
3187.0,0,55
3188.0,0,55
3189.0,0,55
3190.0,0,55
3191.0,0,55
3192.0,0,55
3193.0,0,55
3194.0,0,55
3195.0,0,55
3196.0,0,55
3197.0,0,55
3198.0,0,55
3199.0,0,55
3200.0,0,55
3201.0,0,55
3202.0,0,55
3203.0,0,55
3204.0,0,55
3205.0,0,55
3206.0,0,55
3207.0,0,55
3208.0,0,55
3209.0,0,55
3210.0,0,55
3211.0,0,55
3212.0,0,55
3213.0,0,55
3214.0,0,55
3215.0,0,55
3216.0,0,55
3217.0,0,55
3218.0,0,55
3219.0,0,55
3220.0,0,55
3221.0,0,55
3222.0,0,55
3223.0,0,55
3224.0,0,55
3225.0,0,55
3226.0,0,55
3227.0,0,55
3228.0,0,55
3229.0,0,55
3230.0,0,55
3231.0,0,55
3232.0,0,55
3233.0,0,55
3234.0,0,55
3235.0,0,55
3236.0,0,55
3237.0,0,55
3238.0,0,55
3239.0,0,55
3240.0,0,55
3241.0,0,55
3242.0,0,55
3243.0,0,55
3244.0,0,55
3245.0,0,55
3246.0,0,55
3247.0,0,55
3248.0,0,55
3249.0,0,55
3250.0,0,55
3251.0,0,55
3252.0,0,55
3253.0,0,55
3254.0,0,55
3255.0,0,55
3256.0,0,55
3257.0,0,55
3258.0,0,55
3259.0,0,55
3260.0,0,55
3261.0,0,55
3262.0,0,55
3263.0,0,55
3264.0,0,55
3265.0,0,55
3266.0,0,55
3267.0,0,55
3268.0,0,55
3269.0,0,55
3270.0,0,55
3271.0,0,55
3272.0,0,55
3273.0,0,55
3274.0,0,55
3275.0,0,55
3276.0,0,55
3277.0,0,55
3278.0,0,55
3279.0,0,55
3280.0,0,55
3281.0,0,55
3282.0,0,55
3283.0,0,55
3284.0,0,55
3285.0,0,55
3286.0,0,55
3287.0,0,55
3288.0,0,55
3289.0,0,55
3290.0,0,55
3291.0,0,55
3292.0,0,55
3293.0,0,55
3294.0,0,55
3295.0,0,55
3296.0,0,55
3297.0,0,55
3298.0,0,55
3299.0,0,55
3300.0,0,55
3301.0,0,55
3302.0,0,55
3303.0,0,55
3304.0,0,55
3305.0,0,55
3306.0,0,55
3307.0,0,55
3308.0,0,55
3309.0,0,55
3310.0,0,55
3311.0,0,55
3312.0,0,55
3313.0,0,55
3314.0,0,55
3315.0,0,55
3316.0,0,55
3317.0,0,55
3318.0,0,55
3319.0,0,55
3320.0,0,55
3321.0,0,55
3322.0,0,55
3323.0,0,55
3324.0,0,55
3325.0,0,55
3326.0,0,55
3327.0,0,55
3328.0,0,55
3329.0,0,55
3330.0,0,55
3331.0,0,55
3332.0,0,55
3333.0,0,55
3334.0,0,55
3335.0,0,55
3336.0,0,55
3337.0,0,55
3338.0,0,55
3339.0,0,55
3340.0,0,55
3341.0,0,55
3342.0,0,55
3343.0,0,55
3344.0,0,55
3345.0,0,55
3346.0,0,55
3347.0,0,55
3348.0,0,55
3349.0,0,55
3350.0,0,55
3351.0,0,55
3352.0,0,55
3353.0,0,55
3354.0,0,55
3355.0,0,55
3356.0,0,55
3357.0,0,55
3358.0,0,55
3359.0,0,55
3360.0,0,55
3361.0,0,55
3362.0,0,55
3363.0,0,55
3364.0,0,55
3365.0,0,55
3366.0,0,55
3367.0,0,55
3368.0,0,55
3369.0,0,55
3370.0,0,55
3371.0,0,55
3372.0,0,55
3373.0,0,55
3374.0,0,55
3375.0,0,55
3376.0,0,55
3377.0,0,55
3378.0,0,55
3379.0,0,55
3380.0,0,55
3381.0,0,55
3382.0,0,55
3383.0,0,55
3384.0,0,55
3385.0,0,55
3386.0,0,55
3387.0,0,55
3388.0,0,55
3389.0,0,55
3390.0,0,55
3391.0,0,55
3392.0,0,55
3393.0,0,55
3394.0,0,55
3395.0,0,55
3396.0,0,55
3397.0,0,55
3398.0,0,55
3399.0,0,55
3400.0,0,55
3401.0,0,55
3402.0,0,55
3403.0,0,55
3404.0,0,55
3405.0,0,55
3406.0,0,55
3407.0,0,55
3408.0,0,55
3409.0,0,55
3410.0,0,55
3411.0,0,55
3412.0,0,55
3413.0,0,55
3414.0,0,55
3415.0,0,55
3416.0,0,55
3417.0,0,55
3418.0,0,55
3419.0,0,55
3420.0,0,55
3421.0,0,55
3422.0,0,55
3423.0,0,55
3424.0,0,55
3425.0,0,55
3426.0,0,55
3427.0,0,55
3428.0,0,55
3429.0,0,55
3430.0,0,55
3431.0,0,55
3432.0,0,55
3433.0,0,55
3434.0,0,55
3435.0,0,55
3436.0,0,55
3437.0,0,55
3438.0,0,55
3439.0,0,55
3440.0,0,55
3441.0,0,55
3442.0,0,55
3443.0,0,55
3444.0,0,55
3445.0,0,55
3446.0,0,55
3447.0,0,55
3448.0,0,55
3449.0,0,55
3450.0,0,55
3451.0,0,55
3452.0,0,55
3453.0,0,55
3454.0,0,55
3455.0,0,55
3456.0,0,55
3457.0,0,55
3458.0,0,55
3459.0,0,55
3460.0,0,55
3461.0,0,55
3462.0,0,55
3463.0,0,55
3464.0,0,55
3465.0,0,55
3466.0,0,55
3467.0,0,55
3468.0,0,55
3469.0,0,55
3470.0,0,55
3471.0,0,55
3472.0,0,55
3473.0,0,55
3474.0,0,55
3475.0,0,55
3476.0,0,55
3477.0,0,55
3478.0,0,55
3479.0,0,55
3480.0,0,55
3481.0,0,55
3482.0,0,55
3483.0,0,55
3484.0,0,55
3485.0,0,55
3486.0,0,55
3487.0,0,55
3488.0,0,55
3489.0,0,55
3490.0,0,55
3491.0,0,55
3492.0,0,55
3493.0,0,55
3494.0,0,55
3495.0,0,55
3496.0,0,55
3497.0,0,55
3498.0,0,55
3499.0,0,55
3500.0,0,55
3501.0,0,55
3502.0,0,55
3503.0,0,55
3504.0,0,55
3505.0,0,55
3506.0,0,55
3507.0,0,55
3508.0,0,55
3509.0,0,55
3510.0,0,55
3511.0,0,55
3512.0,0,55
3513.0,0,55
3514.0,0,55
3515.0,0,55
3516.0,0,55
3517.0,0,55
3518.0,0,55
3519.0,0,55
3520.0,0,55
3521.0,0,55
3522.0,0,55
3523.0,0,55
3524.0,0,55
3525.0,0,55
3526.0,0,55
3527.0,0,55
3528.0,0,55
3529.0,0,55
3530.0,0,55
3531.0,0,55
3532.0,0,55
3533.0,0,55
3534.0,0,55
3535.0,0,55
3536.0,0,55
3537.0,0,55
3538.0,0,55
3539.0,0,55
3540.0,0,55
3541.0,0,55
3542.0,0,55
3543.0,0,55
3544.0,0,55
3545.0,0,55
3546.0,0,55
3547.0,0,55
3548.0,0,55
3549.0,0,55
3550.0,0,55
3551.0,0,55
3552.0,0,55
3553.0,0,55
3554.0,0,55
3555.0,0,55
3556.0,0,55
3557.0,0,55
3558.0,0,55
3559.0,0,55
3560.0,0,55
3561.0,0,55
3562.0,0,55
3563.0,0,55
3564.0,0,55
3565.0,0,55
3566.0,0,55
3567.0,0,55
3568.0,0,55
3569.0,0,55
3570.0,0,55
3571.0,0,55
3572.0,0,55
3573.0,0,55
3574.0,0,55
3575.0,0,55
3576.0,0,55
3577.0,0,55
3578.0,0,55
3579.0,0,55
3580.0,0,55
3581.0,0,55
3582.0,0,55
3583.0,0,55
3584.0,0,55
3585.0,0,55
3586.0,0,55
3587.0,0,55
3588.0,0,55
3589.0,0,55
3590.0,0,55
3591.0,0,55
3592.0,0,55
3593.0,0,55
3594.0,0,55
3595.0,0,55
3596.0,0,55
3597.0,0,55
3598.0,0,55
3599.0,0,55
3600.0,0,55
3601.0,0,55
3602.0,0,55
3603.0,0,55
3604.0,0,55
3605.0,0,55
3606.0,0,55
3607.0,0,55
3608.0,0,55
3609.0,0,55
3610.0,0,55
3611.0,0,55
3612.0,0,55
3613.0,0,55
3614.0,0,55
3615.0,0,55
3616.0,0,55
3617.0,0,55
3618.0,0,55
3619.0,0,55
3620.0,0,55
3621.0,0,55
3622.0,0,55
3623.0,0,55
3624.0,0,55
3625.0,0,55
3626.0,0,55
3627.0,0,55
3628.0,0,55
3629.0,0,55
3630.0,0,55
3631.0,0,55
3632.0,0,55
3633.0,0,55
3634.0,0,55
3635.0,0,55
3636.0,0,55
3637.0,0,55
3638.0,0,55
3639.0,0,55
3640.0,0,55
3641.0,0,55
3642.0,0,55
3643.0,0,55
3644.0,0,55
3645.0,0,55
3646.0,0,55
3647.0,0,55
3648.0,0,55
3649.0,0,55
3650.0,0,55
3651.0,0,55
3652.0,0,55
3653.0,0,55
3654.0,0,55
3655.0,0,55
3656.0,0,55
3657.0,0,55
3658.0,0,55
3659.0,0,55
3660.0,0,55
3661.0,0,55
3662.0,0,55
3663.0,0,55
3664.0,0,55
3665.0,0,55
3666.0,0,55
3667.0,0,55
3668.0,0,55
3669.0,0,55
3670.0,0,55
3671.0,0,55
3672.0,0,55
3673.0,0,55
3674.0,0,55
3675.0,0,55
3676.0,0,55
3677.0,0,55
3678.0,0,55
3679.0,0,55
3680.0,0,55
3681.0,0,55
3682.0,0,55
3683.0,0,55
3684.0,0,55
3685.0,0,55
3686.0,0,55
3687.0,0,55
3688.0,0,55
3689.0,0,55
3690.0,0,55
3691.0,0,55
3692.0,0,55
3693.0,0,55
3694.0,0,55
3695.0,0,55
3696.0,0,55
3697.0,0,55
3698.0,0,55
3699.0,0,55
3700.0,0,55
3701.0,0,55
3702.0,0,55
3703.0,0,55
3704.0,0,55
3705.0,0,55
3706.0,0,55
3707.0,0,55
3708.0,0,55
3709.0,0,55
3710.0,0,55
3711.0,0,55
3712.0,0,55
3713.0,0,55
3714.0,0,55
3715.0,0,55
3716.0,0,55
3717.0,0,55
3718.0,0,55
3719.0,0,55
3720.0,0,55
3721.0,0,55
3722.0,0,55
3723.0,0,55
3724.0,0,55
3725.0,0,55
3726.0,0,55
3727.0,0,55
3728.0,0,55
3729.0,0,55
3730.0,0,55
3731.0,0,55
3732.0,0,55
3733.0,0,55
3734.0,0,55
3735.0,0,55
3736.0,0,55
3737.0,0,55
3738.0,0,55
3739.0,0,55
3740.0,0,55
3741.0,0,55
3742.0,0,55
3743.0,0,55
3744.0,0,55
3745.0,0,55
3746.0,0,55
3747.0,0,55
3748.0,0,55
3749.0,0,55
3750.0,0,55
3751.0,0,55
3752.0,0,55
3753.0,0,55
